x = (0:0.01:10).'
y = -0.1*x.*x + 2*x
